1 lili prilin 07 05 1920 68 160 05 02 02 01 02
2 Jeanne Calment 21 02 1875 70 160 05 02 02 02 01
3 Lucy Hannah 21 03 1925 78 166 05 01 02 02 01
4 Violet Brown 10 03 1900 80 150 01 01 02 02 01
5 María Capovilla 17 09 1890 60 149 04 02 01 02 01
6 Gertrude Weaver 06 04 1902 85 169 03 02 02 01 02
7 Marie Brémont 25 04 1886 80 170 05 02 02 02 02
8 Eva Morris 08 11 1905 02 67 16002 02 01 02 01
9 Kama Chinen 10 02 1895 01 80 15902 02 02 02 01
10 Goldie Steinber 30 10 1900 90 180 01 02 02 02 01
 salem yaakoubi 10 03 1965 70 170 07 02 02 01 01 
 salem yaakoubi 10 03 1965 70 170 07 02 02 01 01 
